time	V(N003,N002)	V(n001)	V(n003)	I(R1)
0.000000000000000e+000	-2.000000e+000	-6.000000e-019	-2.000000e+000	-6.000000e-016
1.000000000000000e-004	-2.000000e+000	3.755962e-015	-2.000000e+000	-5.985806e-016
1.000317619377394e-004	-2.000000e+000	1.270476e-001	-1.872952e+000	4.556084e-009
1.000635238754789e-004	-2.000000e+000	2.540951e-001	-1.745905e+000	1.957896e-008
1.000952858132183e-004	-2.000000e+000	3.811423e-001	-1.618857e+000	4.506862e-008
1.001270477509577e-004	-2.000000e+000	5.081894e-001	-1.491809e+000	8.102507e-008
1.001588096886971e-004	-2.000000e+000	6.352362e-001	-1.364761e+000	1.274483e-007
1.001905716264366e-004	-2.000000e+000	7.622828e-001	-1.237714e+000	1.843383e-007
1.002223335641760e-004	-2.000000e+000	8.893293e-001	-1.110666e+000	2.516952e-007
1.004318039105146e-004	-2.000000e+000	1.727199e+000	-2.727844e-001	8.420472e-007
1.005810593073227e-004	-2.000000e+000	2.324208e+000	3.242372e-001	1.444252e-006
1.007014892063838e-004	-2.000000e+000	2.805916e+000	8.059568e-001	2.064833e-006
1.007591402018779e-004	-2.000000e+000	3.036513e+000	1.036561e+000	2.415074e-006
1.008744421928662e-004	-2.000000e+000	3.497705e+000	1.497769e+000	3.216187e-006
1.010000000000000e-004	-2.000000e+000	3.999917e+000	2.000000e+000	4.166638e-006
5.026307523764788e-004	-1.997131e+000	3.930689e+000	2.000000e+000	3.322111e-003
9.042615047529577e-004	-1.990167e+000	3.858641e+000	2.000000e+000	6.576307e-003
1.305892257129437e-003	-1.979108e+000	3.783773e+000	2.000000e+000	9.766755e-003
1.707523009505915e-003	-1.963953e+000	3.706084e+000	2.000000e+000	1.289345e-002
2.109153761882394e-003	-1.944703e+000	3.625575e+000	2.000000e+000	1.595640e-002
2.510784514258873e-003	-1.921358e+000	3.542246e+000	2.000000e+000	1.895561e-002
2.912415266635351e-003	-1.893917e+000	3.456096e+000	2.000000e+000	2.189106e-002
3.712415266635352e-003	-1.828008e+000	3.277935e+000	2.000000e+000	2.750365e-002
4.512415266635352e-003	-1.747535e+000	3.091293e+000	2.000000e+000	3.281212e-002
5.712415266635352e-003	-1.601341e+000	2.797818e+000	2.000000e+000	4.017615e-002
6.912415266635353e-003	-1.427182e+000	2.491390e+000	2.000000e+000	4.678961e-002
8.112415266635352e-003	-1.228120e+000	2.175627e+000	2.000000e+000	5.262466e-002
9.312415266635350e-003	-1.007308e+000	1.854060e+000	2.000000e+000	5.766238e-002
1.051241526663535e-002	-7.679577e-001	1.530106e+000	2.000000e+000	6.189258e-002
1.171241526663535e-002	-5.133066e-001	1.207039e+000	2.000000e+000	6.531338e-002
1.291241526663534e-002	-2.465816e-001	8.879622e-001	2.000000e+000	6.793096e-002
1.411241526663534e-002	2.902961e-002	5.757915e-001	2.000000e+000	6.975894e-002
1.491241526663534e-002	2.161632e-001	3.728593e-001	2.000000e+000	7.054888e-002
1.571241526663534e-002	4.049562e-001	1.749496e-001	2.000000e+000	7.100471e-002
1.611241526663534e-002	4.996994e-001	7.809885e-002	2.000000e+000	7.111008e-002
1.651241526663534e-002	5.945297e-001	-1.723746e-002	2.000000e+000	7.113539e-002
1.691241526663534e-002	6.893412e-001	-1.109793e-001	2.000000e+000	7.108191e-002
1.731241526663534e-002	7.840298e-001	-2.030498e-001	2.000000e+000	7.095100e-002
1.771241526663534e-002	8.784932e-001	-2.933752e-001	2.000000e+000	7.074410e-002
1.851241526663535e-002	1.066345e+000	-4.685109e-001	2.000000e+000	7.010829e-002
1.931241526663535e-002	1.252119e+000	-6.358593e-001	2.000000e+000	6.918703e-002
2.011241526663535e-002	1.435070e+000	-7.949443e-001	2.000000e+000	6.799369e-002
2.091241526663535e-002	1.614494e+000	-9.453421e-001	2.000000e+000	6.654242e-002
2.171241526663536e-002	1.789720e+000	-1.086680e+000	2.000000e+000	6.484800e-002
2.211241526663536e-002	1.875562e+000	-1.153850e+000	2.000000e+000	6.391439e-002
2.251241526663536e-002	1.960122e+000	-1.218638e+000	2.000000e+000	6.292580e-002
2.291241526663536e-002	2.043329e+000	-1.281013e+000	2.000000e+000	6.188422e-002
2.331241526663536e-002	2.125113e+000	-1.340946e+000	2.000000e+000	6.079169e-002
2.371241526663536e-002	2.205407e+000	-1.398412e+000	2.000000e+000	5.965024e-002
2.411241526663536e-002	2.284149e+000	-1.453387e+000	2.000000e+000	5.846194e-002
2.491241526663536e-002	2.436731e+000	-1.555793e+000	2.000000e+000	5.595315e-002
2.571241526663537e-002	2.582403e+000	-1.648046e+000	2.000000e+000	5.328212e-002
2.651241526663537e-002	2.720757e+000	-1.730074e+000	2.000000e+000	5.046587e-002
2.771241526663537e-002	2.913778e+000	-1.833908e+000	2.000000e+000	4.600651e-002
2.891241526663537e-002	3.088484e+000	-1.914809e+000	2.000000e+000	4.131628e-002
3.011241526663538e-002	3.244064e+000	-1.973107e+000	2.000000e+000	3.645214e-002
3.131241526663538e-002	3.379935e+000	-2.009335e+000	2.000000e+000	3.146998e-002
3.251241526663537e-002	3.495734e+000	-2.024216e+000	2.000000e+000	2.642409e-002
3.371241526663536e-002	3.591312e+000	-2.018647e+000	2.000000e+000	2.136676e-002
3.491241526663536e-002	3.666722e+000	-1.993679e+000	2.000000e+000	1.634782e-002
3.611241526663535e-002	3.722214e+000	-1.950501e+000	2.000000e+000	1.141431e-002
3.731241526663534e-002	3.758219e+000	-1.890421e+000	2.000000e+000	6.610129e-003
3.811241526663534e-002	3.771685e+000	-1.841672e+000	2.000000e+000	3.499348e-003
3.851241526663533e-002	3.775335e+000	-1.814851e+000	2.000000e+000	1.975795e-003
3.891241526663533e-002	3.776969e+000	-1.786474e+000	2.000000e+000	4.752423e-004
3.931241526663533e-002	3.776618e+000	-1.756598e+000	2.000000e+000	-1.001037e-003
3.971241526663533e-002	3.774316e+000	-1.725280e+000	2.000000e+000	-2.451818e-003
4.011241526663532e-002	3.770098e+000	-1.692579e+000	2.000000e+000	-3.875923e-003
4.051241526663532e-002	3.763999e+000	-1.658555e+000	2.000000e+000	-5.272225e-003
4.131241526663532e-002	3.746313e+000	-1.586770e+000	2.000000e+000	-7.977154e-003
4.211241526663531e-002	3.721578e+000	-1.510406e+000	2.000000e+000	-1.055857e-002
4.291241526663531e-002	3.690132e+000	-1.429947e+000	2.000000e+000	-1.300925e-002
4.411241526663530e-002	3.631166e+000	-1.302640e+000	2.000000e+000	-1.642630e-002
4.531241526663529e-002	3.559181e+000	-1.168848e+000	2.000000e+000	-1.951666e-002
4.651241526663529e-002	3.475513e+000	-1.030190e+000	2.000000e+000	-2.226616e-002
4.771241526663528e-002	3.381546e+000	-8.882538e-001	2.000000e+000	-2.466462e-002
4.891241526663527e-002	3.278699e+000	-7.445833e-001	2.000000e+000	-2.670578e-002
5.011241526663526e-002	3.168406e+000	-6.006627e-001	2.000000e+000	-2.838718e-002
5.131241526663526e-002	3.052106e+000	-4.579067e-001	2.000000e+000	-2.970998e-002
5.251241526663525e-002	2.931225e+000	-3.176495e-001	2.000000e+000	-3.067877e-002
5.371241526663524e-002	2.807163e+000	-1.811361e-001	2.000000e+000	-3.130137e-002
5.451241526663524e-002	2.723365e+000	-9.277799e-002	2.000000e+000	-3.152934e-002
5.491241526663523e-002	2.681286e+000	-4.951413e-002	2.000000e+000	-3.158860e-002
5.531241526663523e-002	2.639152e+000	-6.910661e-003	2.000000e+000	-3.161208e-002
5.571241526663523e-002	2.597011e+000	3.499639e-002	2.000000e+000	-3.160035e-002
5.611241526663523e-002	2.554908e+000	7.617236e-002	2.000000e+000	-3.155401e-002
5.651241526663522e-002	2.512889e+000	1.165840e-001	2.000000e+000	-3.147367e-002
5.691241526663522e-002	2.471000e+000	1.561994e-001	2.000000e+000	-3.135998e-002
5.771241526663522e-002	2.387785e+000	2.329209e-001	2.000000e+000	-3.103530e-002
5.851241526663521e-002	2.305604e+000	3.061100e-001	2.000000e+000	-3.058568e-002
5.931241526663521e-002	2.224780e+000	3.755629e-001	2.000000e+000	-3.001717e-002
6.011241526663520e-002	2.145624e+000	4.410986e-001	2.000000e+000	-2.933615e-002
6.091241526663520e-002	2.068427e+000	5.025589e-001	2.000000e+000	-2.854929e-002
6.131241526663520e-002	2.030648e+000	5.317180e-001	2.000000e+000	-2.811832e-002
6.171241526663519e-002	1.993461e+000	5.598093e-001	2.000000e+000	-2.766349e-002
6.211241526663519e-002	1.956894e+000	5.868197e-001	2.000000e+000	-2.718571e-002
6.251241526663519e-002	1.920980e+000	6.127374e-001	2.000000e+000	-2.668587e-002
6.291241526663519e-002	1.885746e+000	6.375517e-001	2.000000e+000	-2.616489e-002
6.371241526663518e-002	1.817429e+000	6.838354e-001	2.000000e+000	-2.506323e-002
6.451241526663518e-002	1.752149e+000	7.256144e-001	2.000000e+000	-2.388817e-002
6.531241526663517e-002	1.690091e+000	7.628540e-001	2.000000e+000	-2.264727e-002
6.611241526663517e-002	1.631422e+000	7.955401e-001	2.000000e+000	-2.134810e-002
6.731241526663516e-002	1.550082e+000	8.360511e-001	2.000000e+000	-1.930667e-002
6.851241526663515e-002	1.477093e+000	8.664399e-001	2.000000e+000	-1.717665e-002
6.971241526663514e-002	1.412758e+000	8.869039e-001	2.000000e+000	-1.498312e-002
7.091241526663514e-002	1.357283e+000	8.977277e-001	2.000000e+000	-1.275054e-002
7.211241526663513e-002	1.310776e+000	8.992758e-001	2.000000e+000	-1.050258e-002
7.331241526663512e-002	1.273252e+000	8.919854e-001	2.000000e+000	-8.261885e-003
7.451241526663512e-002	1.244640e+000	8.763587e-001	2.000000e+000	-6.049943e-003
7.571241526663511e-002	1.224784e+000	8.529543e-001	2.000000e+000	-3.886903e-003
7.651241526663510e-002	1.216298e+000	8.333285e-001	2.000000e+000	-2.481340e-003
7.691241526663510e-002	1.213450e+000	8.223795e-001	2.000000e+000	-1.791460e-003
7.731241526663510e-002	1.211515e+000	8.107054e-001	2.000000e+000	-1.111007e-003
7.771241526663510e-002	1.210480e+000	7.983311e-001	2.000000e+000	-4.405743e-004
7.811241526663509e-002	1.210333e+000	7.852819e-001	2.000000e+000	2.192645e-004
7.851241526663509e-002	1.211058e+000	7.715832e-001	2.000000e+000	8.679578e-004
7.891241526663509e-002	1.212640e+000	7.572609e-001	2.000000e+000	1.504975e-003
7.931241526663509e-002	1.215063e+000	7.423410e-001	2.000000e+000	2.129808e-003
8.011241526663508e-002	1.222366e+000	7.108142e-001	2.000000e+000	3.340993e-003
8.091241526663508e-002	1.232827e+000	6.772152e-001	2.000000e+000	4.497882e-003
8.171241526663507e-002	1.246297e+000	6.417589e-001	2.000000e+000	5.597201e-003
8.251241526663507e-002	1.262618e+000	6.046609e-001	2.000000e+000	6.636034e-003
8.371241526663506e-002	1.292084e+000	5.464081e-001	2.000000e+000	8.075379e-003
8.491241526663505e-002	1.327012e+000	4.856712e-001	2.000000e+000	9.365849e-003
8.611241526663505e-002	1.366794e+000	4.231633e-001	2.000000e+000	1.050213e-002
8.731241526663504e-002	1.410807e+000	3.595799e-001	2.000000e+000	1.148067e-002
8.851241526663503e-002	1.458415e+000	2.955929e-001	2.000000e+000	1.229962e-002
8.971241526663502e-002	1.508979e+000	2.318456e-001	2.000000e+000	1.295878e-002
9.091241526663502e-002	1.561862e+000	1.689474e-001	2.000000e+000	1.345953e-002
9.211241526663501e-002	1.616436e+000	1.074699e-001	2.000000e+000	1.380470e-002
9.291241526663500e-002	1.653454e+000	6.753764e-002	2.000000e+000	1.395042e-002
9.331241526663500e-002	1.672087e+000	4.794290e-002	2.000000e+000	1.399853e-002
9.371241526663500e-002	1.690773e+000	2.861916e-002	2.000000e+000	1.403042e-002
9.411241526663500e-002	1.709490e+000	9.583211e-003	2.000000e+000	1.404632e-002
9.451241526663499e-002	1.728219e+000	-9.148719e-003	2.000000e+000	1.404649e-002
9.491241526663499e-002	1.746937e+000	-2.756102e-002	2.000000e+000	1.403118e-002
9.531241526663499e-002	1.765625e+000	-4.563870e-002	2.000000e+000	1.400067e-002
9.571241526663499e-002	1.784263e+000	-6.336735e-002	2.000000e+000	1.395524e-002
9.651241526663498e-002	1.821307e+000	-9.772320e-002	2.000000e+000	1.382082e-002
9.731241526663498e-002	1.857918e+000	-1.305260e-001	2.000000e+000	1.363042e-002
9.811241526663497e-002	1.893949e+000	-1.616834e-001	2.000000e+000	1.338672e-002
9.891241526663497e-002	1.929263e+000	-1.911132e-001	2.000000e+000	1.309251e-002
9.971241526663496e-002	1.963728e+000	-2.187433e-001	2.000000e+000	1.275075e-002
1.001124152666350e-001	1.980604e+000	-2.318639e-001	2.000000e+000	1.256299e-002
1.005124152666350e-001	1.997222e+000	-2.445122e-001	2.000000e+000	1.236449e-002
1.009124152666350e-001	2.013569e+000	-2.566822e-001	2.000000e+000	1.215565e-002
1.013124152666350e-001	2.029631e+000	-2.683682e-001	2.000000e+000	1.193687e-002
1.017124152666350e-001	2.045394e+000	-2.795655e-001	2.000000e+000	1.170855e-002
1.025124152666350e-001	2.075978e+000	-3.004774e-001	2.000000e+000	1.122496e-002
1.033124152666349e-001	2.105228e+000	-3.193911e-001	2.000000e+000	1.070817e-002
1.041124152666349e-001	2.133059e+000	-3.362896e-001	2.000000e+000	1.016154e-002
1.049124152666349e-001	2.159396e+000	-3.511649e-001	2.000000e+000	9.588437e-003
1.061124152666349e-001	2.195960e+000	-3.696899e-001	2.000000e+000	8.686507e-003
1.073124152666349e-001	2.228831e+000	-3.837091e-001	2.000000e+000	7.743909e-003
1.085124152666349e-001	2.257870e+000	-3.933057e-001	2.000000e+000	6.771813e-003
1.097124152666349e-001	2.282979e+000	-3.986019e-001	2.000000e+000	5.781130e-003
1.109124152666349e-001	2.304107e+000	-3.997557e-001	2.000000e+000	4.782420e-003
1.121124152666349e-001	2.321242e+000	-3.969577e-001	2.000000e+000	3.785805e-003
1.133124152666349e-001	2.334410e+000	-3.904281e-001	2.000000e+000	2.800895e-003
1.145124152666349e-001	2.343678e+000	-3.804123e-001	2.000000e+000	1.836717e-003
1.153124152666349e-001	2.347737e+000	-3.719298e-001	2.000000e+000	1.209618e-003
1.161124152666349e-001	2.350145e+000	-3.621004e-001	2.000000e+000	5.977891e-004
1.165124152666349e-001	2.350742e+000	-3.567077e-001	2.000000e+000	2.982853e-004
1.169124152666349e-001	2.350943e+000	-3.510111e-001	2.000000e+000	3.402385e-006
1.173124152666349e-001	2.350754e+000	-3.450220e-001	2.000000e+000	-2.866113e-004
1.177124152666349e-001	2.350182e+000	-3.387519e-001	2.000000e+000	-5.715167e-004
1.181124152666349e-001	2.349234e+000	-3.322121e-001	2.000000e+000	-8.510845e-004
1.185124152666349e-001	2.347916e+000	-3.254144e-001	2.000000e+000	-1.125095e-003
1.193124152666348e-001	2.344205e+000	-3.110925e-001	2.000000e+000	-1.655612e-003
1.201124152666348e-001	2.339111e+000	-2.958809e-001	2.000000e+000	-2.161508e-003
1.209124152666348e-001	2.332703e+000	-2.798752e-001	2.000000e+000	-2.641378e-003
1.221124152666348e-001	2.320782e+000	-2.545876e-001	2.000000e+000	-3.309710e-003
1.233124152666348e-001	2.306316e+000	-2.280523e-001	2.000000e+000	-3.913202e-003
1.245124152666348e-001	2.289571e+000	-2.005886e-001	2.000000e+000	-4.449136e-003
1.257124152666348e-001	2.270821e+000	-1.725094e-001	2.000000e+000	-4.915582e-003
1.269124152666349e-001	2.250346e+000	-1.441184e-001	2.000000e+000	-5.311384e-003
1.281124152666349e-001	2.228430e+000	-1.157074e-001	2.000000e+000	-5.636130e-003
1.293124152666349e-001	2.205357e+000	-8.755425e-002	2.000000e+000	-5.890121e-003
1.305124152666350e-001	2.181407e+000	-5.992070e-002	2.000000e+000	-6.074330e-003
1.317124152666350e-001	2.156858e+000	-3.305068e-002	2.000000e+000	-6.190366e-003
1.325124152666350e-001	2.140291e+000	-1.567328e-002	2.000000e+000	-6.230909e-003
1.329124152666350e-001	2.131977e+000	-7.168809e-003	2.000000e+000	-6.240422e-003
1.333124152666350e-001	2.123655e+000	1.203018e-003	2.000000e+000	-6.242902e-003
1.337124152666351e-001	2.115334e+000	9.435174e-003	2.000000e+000	-6.238465e-003
1.341124152666351e-001	2.107024e+000	1.752090e-002	2.000000e+000	-6.227228e-003
1.345124152666351e-001	2.098733e+000	2.545370e-002	2.000000e+000	-6.209317e-003
1.353124152666351e-001	2.082244e+000	4.083598e-002	2.000000e+000	-6.153996e-003
1.361124152666351e-001	2.065936e+000	5.553567e-002	2.000000e+000	-6.073603e-003
1.369124152666351e-001	2.049875e+000	6.951091e-002	2.000000e+000	-5.969310e-003
1.381124152666352e-001	2.026381e+000	8.903506e-002	2.000000e+000	-5.770785e-003
1.389124152666352e-001	2.011200e+000	1.010459e-001	2.000000e+000	-5.612289e-003
1.393124152666352e-001	2.003775e+000	1.067396e-001	2.000000e+000	-5.525707e-003
1.397124152666352e-001	1.996468e+000	1.122216e-001	2.000000e+000	-5.434468e-003
1.401124152666352e-001	1.989286e+000	1.174894e-001	2.000000e+000	-5.338751e-003
1.405124152666352e-001	1.982234e+000	1.225407e-001	2.000000e+000	-5.238734e-003
1.413124152666353e-001	1.968544e+000	1.319862e-001	2.000000e+000	-5.026528e-003
1.421124152666353e-001	1.955441e+000	1.405455e-001	2.000000e+000	-4.799317e-003
1.429124152666353e-001	1.942961e+000	1.482102e-001	2.000000e+000	-4.558586e-003
1.437124152666353e-001	1.931140e+000	1.549762e-001	2.000000e+000	-4.305830e-003
1.449124152666354e-001	1.914708e+000	1.634409e-001	2.000000e+000	-3.907424e-003
1.461124152666354e-001	1.899907e+000	1.699002e-001	2.000000e+000	-3.490370e-003
1.473124152666354e-001	1.886804e+000	1.743889e-001	2.000000e+000	-3.059640e-003
1.485124152666355e-001	1.875443e+000	1.769595e-001	2.000000e+000	-2.620098e-003
1.497124152666355e-001	1.865849e+000	1.776803e-001	2.000000e+000	-2.176457e-003
1.509124152666355e-001	1.858030e+000	1.766346e-001	2.000000e+000	-1.733240e-003
1.521124152666356e-001	1.851976e+000	1.739186e-001	2.000000e+000	-1.294745e-003
1.525695581237785e-001	1.850136e+000	1.724497e-001	2.000000e+000	-1.129302e-003
1.530267009809213e-001	1.848540e+000	1.707773e-001	2.000000e+000	-9.658452e-004
1.534838438380642e-001	1.847186e+000	1.689014e-001	2.000000e+000	-8.043742e-004
1.539409866952071e-001	1.846076e+000	1.668219e-001	2.000000e+000	-6.448893e-004
1.543981295523499e-001	1.845209e+000	1.645388e-001	2.000000e+000	-4.873903e-004
1.548552724094928e-001	1.844585e+000	1.620522e-001	2.000000e+000	-3.318773e-004
1.553124152666357e-001	1.844205e+000	1.593621e-001	2.000000e+000	-1.783502e-004
1.557124152666357e-001	1.844055e+000	1.568767e-001	2.000000e+000	-4.658397e-005
1.561124152666357e-001	1.844079e+000	1.542596e-001	2.000000e+000	8.305615e-005
1.565124152666357e-001	1.844275e+000	1.515158e-001	2.000000e+000	2.104625e-004
1.569124152666357e-001	1.844639e+000	1.486504e-001	2.000000e+000	3.355315e-004
1.573124152666357e-001	1.845168e+000	1.456686e-001	2.000000e+000	4.581641e-004
1.581124152666358e-001	1.846708e+000	1.393767e-001	2.000000e+000	6.957451e-004
1.589124152666358e-001	1.848868e+000	1.326821e-001	2.000000e+000	9.224992e-004
1.597124152666358e-001	1.851617e+000	1.256273e-001	2.000000e+000	1.137791e-003
1.609124152666358e-001	1.856777e+000	1.144628e-001	2.000000e+000	1.438019e-003
1.621124152666359e-001	1.863081e+000	1.027274e-001	2.000000e+000	1.709595e-003
1.633124152666359e-001	1.870411e+000	9.056313e-002	2.000000e+000	1.951270e-003
1.645124152666359e-001	1.878648e+000	7.810954e-002	2.000000e+000	2.162147e-003
1.657124152666360e-001	1.887664e+000	6.550206e-002	2.000000e+000	2.341672e-003
1.669124152666360e-001	1.897336e+000	5.287105e-002	2.000000e+000	2.489625e-003
1.681124152666360e-001	1.907537e+000	4.034074e-002	2.000000e+000	2.606104e-003
1.693124152666361e-001	1.918142e+000	2.802832e-002	2.000000e+000	2.691508e-003
1.705124152666361e-001	1.929026e+000	1.604314e-002	2.000000e+000	2.746520e-003
1.713124152666361e-001	1.936380e+000	8.284985e-003	2.000000e+000	2.766768e-003
1.717124152666361e-001	1.940072e+000	4.486036e-003	2.000000e+000	2.772086e-003
1.721124152666362e-001	1.943770e+000	7.449248e-004	2.000000e+000	2.774263e-003
1.725124152666362e-001	1.947468e+000	-2.935185e-003	2.000000e+000	2.773349e-003
1.729124152666362e-001	1.951163e+000	-6.551247e-003	2.000000e+000	2.769394e-003
1.737124152666362e-001	1.958528e+000	-1.357965e-002	2.000000e+000	2.752584e-003
1.745124152666362e-001	1.965832e+000	-2.031835e-002	2.000000e+000	2.724300e-003
1.753124152666362e-001	1.973047e+000	-2.674741e-002	2.000000e+000	2.685041e-003
1.761124152666363e-001	1.980142e+000	-3.284888e-002	2.000000e+000	2.635338e-003
1.773124152666363e-001	1.990504e+000	-4.135260e-002	2.000000e+000	2.542432e-003
1.781124152666363e-001	1.997187e+000	-4.656989e-002	2.000000e+000	2.469121e-003
1.785124152666363e-001	2.000453e+000	-4.903872e-002	2.000000e+000	2.429282e-003
1.789124152666363e-001	2.003664e+000	-5.141272e-002	2.000000e+000	2.387425e-003
1.793124152666364e-001	2.006818e+000	-5.369085e-002	2.000000e+000	2.343630e-003
1.801124152666364e-001	2.012945e+000	-5.795593e-002	2.000000e+000	2.250546e-003
1.809124152666364e-001	2.018814e+000	-6.182802e-002	2.000000e+000	2.150681e-003
1.817124152666364e-001	2.024409e+000	-6.530306e-002	2.000000e+000	2.044694e-003
1.829124152666365e-001	2.032253e+000	-6.976695e-002	2.000000e+000	1.875685e-003
1.841124152666365e-001	2.039401e+000	-7.333332e-002	2.000000e+000	1.696639e-003
1.853124152666365e-001	2.045815e+000	-7.601122e-002	2.000000e+000	1.509792e-003
1.865124152666366e-001	2.051471e+000	-7.781784e-002	2.000000e+000	1.317342e-003
1.877124152666366e-001	2.056349e+000	-7.877807e-002	2.000000e+000	1.121440e-003
1.889124152666366e-001	2.060441e+000	-7.892384e-002	2.000000e+000	9.241630e-004
1.901124152666367e-001	2.063743e+000	-7.829343e-002	2.000000e+000	7.274995e-004
1.906838438380653e-001	2.065035e+000	-7.771868e-002	2.000000e+000	6.341727e-004
1.912552724094938e-001	2.066156e+000	-7.699711e-002	2.000000e+000	5.420603e-004
1.918267009809224e-001	2.067105e+000	-7.612873e-002	2.000000e+000	4.511624e-004
1.923981295523510e-001	2.067884e+000	-7.511354e-002	2.000000e+000	3.614789e-004
1.929695581237796e-001	2.068491e+000	-7.395153e-002	2.000000e+000	2.730099e-004
1.935409866952082e-001	2.068928e+000	-7.264270e-002	2.000000e+000	1.857553e-004
1.941124152666368e-001	2.069193e+000	-7.118706e-002	2.000000e+000	9.971519e-005
1.945124152666368e-001	2.069286e+000	-7.010335e-002	2.000000e+000	4.084412e-005
1.949124152666368e-001	2.069302e+000	-6.896032e-002	2.000000e+000	-1.709908e-005
1.953124152666368e-001	2.069242e+000	-6.776021e-002	2.000000e+000	-7.406593e-005
1.957124152666368e-001	2.069105e+000	-6.650528e-002	2.000000e+000	-1.300098e-004
1.961124152666368e-001	2.068896e+000	-6.519783e-002	2.000000e+000	-1.848860e-004
1.969124152666369e-001	2.068260e+000	-6.243459e-002	2.000000e+000	-2.912659e-004
1.977124152666369e-001	2.067347e+000	-5.948916e-002	2.000000e+000	-3.928864e-004
1.985124152666369e-001	2.066170e+000	-5.638037e-002	2.000000e+000	-4.894597e-004
1.993124152666369e-001	2.064742e+000	-5.312715e-002	2.000000e+000	-5.807291e-004
2.005124152666370e-001	2.062162e+000	-4.801798e-002	2.000000e+000	-7.072053e-004
2.017124152666370e-001	2.059102e+000	-4.269002e-002	2.000000e+000	-8.206230e-004
2.029124152666370e-001	2.055616e+000	-3.720587e-002	2.000000e+000	-9.205139e-004
2.041124152666371e-001	2.051758e+000	-3.162657e-002	2.000000e+000	-1.006564e-003
2.053124152666371e-001	2.047583e+000	-2.601115e-002	2.000000e+000	-1.078610e-003
2.065124152666371e-001	2.043149e+000	-2.041607e-002	2.000000e+000	-1.136632e-003
2.077124152666372e-001	2.038510e+000	-1.489487e-002	2.000000e+000	-1.180750e-003
2.082838438380658e-001	2.036231e+000	-1.229484e-002	2.000000e+000	-1.196810e-003
2.088552724094943e-001	2.033938e+000	-9.739871e-003	2.000000e+000	-1.209931e-003
2.094267009809229e-001	2.031632e+000	-7.229971e-003	2.000000e+000	-1.220113e-003
2.099981295523515e-001	2.029312e+000	-4.765135e-003	2.000000e+000	-1.227357e-003
2.105695581237801e-001	2.026979e+000	-2.345364e-003	2.000000e+000	-1.231662e-003
2.111409866952087e-001	2.024631e+000	2.934203e-005	2.000000e+000	-1.233028e-003
2.117124152666373e-001	2.022270e+000	2.358984e-003	2.000000e+000	-1.231455e-003
2.125124152666373e-001	2.018994e+000	5.503641e-003	2.000000e+000	-1.224888e-003
2.133124152666373e-001	2.015743e+000	8.521180e-003	2.000000e+000	-1.213185e-003
2.141124152666374e-001	2.012529e+000	1.140258e-002	2.000000e+000	-1.196565e-003
2.153124152666374e-001	2.007807e+000	1.545191e-002	2.000000e+000	-1.162931e-003
2.165124152666374e-001	2.003239e+000	1.915321e-002	2.000000e+000	-1.119606e-003
2.173124152666374e-001	2.000298e+000	2.141779e-002	2.000000e+000	-1.085777e-003
2.181124152666375e-001	1.997452e+000	2.351456e-002	2.000000e+000	-1.048314e-003
2.189124152666375e-001	1.994710e+000	2.543988e-002	2.000000e+000	-1.007499e-003
2.197124152666375e-001	1.992081e+000	2.719095e-002	2.000000e+000	-9.636204e-004
2.209124152666376e-001	1.988367e+000	2.948682e-002	2.000000e+000	-8.926970e-004
2.221124152666376e-001	1.984947e+000	3.138340e-002	2.000000e+000	-8.165331e-004
2.233124152666376e-001	1.981841e+000	3.288170e-002	2.000000e+000	-7.361264e-004
2.245124152666377e-001	1.979063e+000	3.398652e-002	2.000000e+000	-6.524672e-004
2.257124152666377e-001	1.976624e+000	3.470629e-002	2.000000e+000	-5.665293e-004
2.269124152666377e-001	1.974532e+000	3.505277e-002	2.000000e+000	-4.792613e-004
2.281124152666378e-001	1.972791e+000	3.504078e-002	2.000000e+000	-3.915785e-004
2.287409866952092e-001	1.972021e+000	3.488921e-002	2.000000e+000	-3.455031e-004
2.293695581237807e-001	1.971344e+000	3.465478e-002	2.000000e+000	-2.999553e-004
2.299981295523521e-001	1.970761e+000	3.433749e-002	2.000000e+000	-2.549353e-004
2.306267009809235e-001	1.970272e+000	3.393734e-002	2.000000e+000	-2.104429e-004
2.312552724094950e-001	1.969875e+000	3.345433e-002	2.000000e+000	-1.664782e-004
2.318838438380664e-001	1.969572e+000	3.288846e-002	2.000000e+000	-1.230411e-004
2.325124152666379e-001	1.969363e+000	3.223973e-002	2.000000e+000	-8.013178e-005
2.329124152666379e-001	1.969274e+000	3.179516e-002	2.000000e+000	-5.345052e-005
2.333124152666379e-001	1.969220e+000	3.132290e-002	2.000000e+000	-2.715130e-005
2.337124152666379e-001	1.969201e+000	3.082395e-002	2.000000e+000	-1.256762e-006
2.341124152666379e-001	1.969216e+000	3.029929e-002	2.000000e+000	2.421125e-005
2.345124152666379e-001	1.969265e+000	2.974992e-002	2.000000e+000	4.923172e-005
2.349124152666380e-001	1.969347e+000	2.917685e-002	2.000000e+000	7.378449e-005
2.353124152666380e-001	1.969462e+000	2.858111e-002	2.000000e+000	9.785024e-005
2.361124152666380e-001	1.969785e+000	2.732575e-002	2.000000e+000	1.444477e-004
2.369124152666380e-001	1.970230e+000	2.599216e-002	2.000000e+000	1.888867e-004
2.377124152666380e-001	1.970790e+000	2.458871e-002	2.000000e+000	2.310439e-004
2.389124152666381e-001	1.971834e+000	2.237101e-002	2.000000e+000	2.897659e-004
2.401124152666381e-001	1.973101e+000	2.004346e-002	2.000000e+000	3.428009e-004
2.413124152666381e-001	1.974568e+000	1.763408e-002	2.000000e+000	3.899095e-004
2.425124152666382e-001	1.976211e+000	1.517035e-002	2.000000e+000	4.309216e-004
2.437124152666382e-001	1.978006e+000	1.267893e-002	2.000000e+000	4.657347e-004
2.449124152666382e-001	1.979928e+000	1.018544e-002	2.000000e+000	4.943120e-004
2.461124152666383e-001	1.981952e+000	7.714284e-003	2.000000e+000	5.166791e-004
2.473124152666383e-001	1.984053e+000	5.288453e-003	2.000000e+000	5.329208e-004
2.481124152666383e-001	1.985501e+000	3.694536e-003	2.000000e+000	5.402194e-004
2.489124152666384e-001	1.986949e+000	2.149126e-003	2.000000e+000	5.450971e-004
2.497124152666384e-001	1.988397e+000	6.522226e-004	2.000000e+000	5.475539e-004
2.505124152666384e-001	1.989844e+000	-7.961745e-004	2.000000e+000	5.475898e-004
2.513124152666384e-001	1.991292e+000	-2.196065e-003	2.000000e+000	5.452048e-004
2.521124152666384e-001	1.992739e+000	-3.547449e-003	2.000000e+000	5.403989e-004
2.529124152666384e-001	1.994187e+000	-4.850326e-003	2.000000e+000	5.331722e-004
2.541124152666385e-001	1.996292e+000	-6.667000e-003	2.000000e+000	5.187467e-004
2.553124152666385e-001	1.998331e+000	-8.330125e-003	2.000000e+000	4.999697e-004
2.565124152666385e-001	2.000286e+000	-9.830982e-003	2.000000e+000	4.772363e-004
2.577124152666386e-001	2.002144e+000	-1.116286e-002	2.000000e+000	4.509611e-004
2.589124152666386e-001	2.003890e+000	-1.232101e-002	2.000000e+000	4.215727e-004
2.601124152666386e-001	2.005512e+000	-1.330264e-002	2.000000e+000	3.895093e-004
2.613124152666387e-001	2.007002e+000	-1.410677e-002	2.000000e+000	3.552137e-004
2.625124152666387e-001	2.008352e+000	-1.473423e-002	2.000000e+000	3.191291e-004
2.637124152666387e-001	2.009554e+000	-1.518751e-002	2.000000e+000	2.816942e-004
2.645124152666388e-001	2.010271e+000	-1.538934e-002	2.000000e+000	2.559097e-004
2.653124152666388e-001	2.010920e+000	-1.552245e-002	2.000000e+000	2.301358e-004
2.661124152666388e-001	2.011499e+000	-1.558683e-002	2.000000e+000	2.043725e-004
2.669124152666388e-001	2.012010e+000	-1.558249e-002	2.000000e+000	1.786197e-004
2.677124152666389e-001	2.012452e+000	-1.550942e-002	2.000000e+000	1.528776e-004
2.685124152666389e-001	2.012825e+000	-1.536763e-002	2.000000e+000	1.271460e-004
2.693124152666389e-001	2.013129e+000	-1.515712e-002	2.000000e+000	1.014250e-004
2.705124152666389e-001	2.013459e+000	-1.473982e-002	2.000000e+000	6.402982e-005
2.713124152666390e-001	2.013597e+000	-1.439244e-002	2.000000e+000	3.974731e-005
2.717124152666390e-001	2.013643e+000	-1.419923e-002	2.000000e+000	2.783409e-005
2.721124152666390e-001	2.013672e+000	-1.399357e-002	2.000000e+000	1.608707e-005
2.725124152666390e-001	2.013686e+000	-1.377589e-002	2.000000e+000	4.516451e-006
2.729124152666390e-001	2.013684e+000	-1.354664e-002	2.000000e+000	-6.867936e-006
2.733124152666390e-001	2.013667e+000	-1.330625e-002	2.000000e+000	-1.805663e-005
2.737124152666390e-001	2.013636e+000	-1.305517e-002	2.000000e+000	-2.904053e-005
2.741124152666390e-001	2.013590e+000	-1.279386e-002	2.000000e+000	-3.981093e-005
2.749124152666391e-001	2.013456e+000	-1.224238e-002	2.000000e+000	-6.067826e-005
2.757124152666391e-001	2.013267e+000	-1.165548e-002	2.000000e+000	-8.059652e-005
2.765124152666391e-001	2.013027e+000	-1.103690e-002	2.000000e+000	-9.950980e-005
2.777124152666392e-001	2.012576e+000	-1.005781e-002	2.000000e+000	-1.258884e-004
2.789124152666392e-001	2.012024e+000	-9.028450e-003	2.000000e+000	-1.497540e-004
2.801124152666392e-001	2.011381e+000	-7.961305e-003	2.000000e+000	-1.709966e-004
2.813124152666393e-001	2.010659e+000	-6.868616e-003	2.000000e+000	-1.895372e-004
2.825124152666393e-001	2.009869e+000	-5.762277e-003	2.000000e+000	-2.053268e-004
2.837124152666393e-001	2.009021e+000	-4.653734e-003	2.000000e+000	-2.183457e-004
2.849124152666394e-001	2.008126e+000	-3.553896e-003	2.000000e+000	-2.286020e-004
2.861124152666394e-001	2.007196e+000	-2.473056e-003	2.000000e+000	-2.361307e-004
2.871409866952108e-001	2.006363e+000	-1.557844e-003	2.000000e+000	-2.402622e-004
2.881695581237823e-001	2.005534e+000	-6.808953e-004	2.000000e+000	-2.426705e-004
2.891981295523537e-001	2.004709e+000	1.577903e-004	2.000000e+000	-2.433558e-004
2.902267009809252e-001	2.003888e+000	9.582128e-004	2.000000e+000	-2.423179e-004
2.912552724094967e-001	2.003071e+000	1.720372e-003	2.000000e+000	-2.395570e-004
2.922838438380682e-001	2.002257e+000	2.444268e-003	2.000000e+000	-2.350731e-004
2.933124152666396e-001	2.001447e+000	3.129901e-003	2.000000e+000	-2.288660e-004
2.942822130856911e-001	2.000711e+000	3.722628e-003	2.000000e+000	-2.216739e-004
2.952520109047426e-001	2.000006e+000	4.265443e-003	2.000000e+000	-2.135915e-004
2.962218087237941e-001	1.999334e+000	4.758345e-003	2.000000e+000	-2.046189e-004
2.971916065428455e-001	1.998694e+000	5.201335e-003	2.000000e+000	-1.947559e-004
2.981614043618970e-001	1.998086e+000	5.594412e-003	2.000000e+000	-1.840026e-004
2.991312021809485e-001	1.997510e+000	5.937577e-003	2.000000e+000	-1.723591e-004
3.001010000000000e-001	1.996966e+000	6.230830e-003	2.000000e+000	-1.598252e-004
3.001016000000000e-001	1.996965e+000	-2.393733e+000	-4.000000e-001	-1.616091e-004
3.001020000000000e-001	1.996965e+000	-3.993685e+000	-2.000000e+000	-1.640205e-004
3.005384742857040e-001	1.993405e+000	-3.918147e+000	-2.000000e+000	-3.762900e-003
3.009749485714080e-001	1.985032e+000	-3.839324e+000	-2.000000e+000	-7.285374e-003
3.014114228571120e-001	1.971844e+000	-3.757216e+000	-2.000000e+000	-1.073144e-002
3.018478971428160e-001	1.953844e+000	-3.671822e+000	-2.000000e+000	-1.410111e-002
3.022843714285199e-001	1.931030e+000	-3.583143e+000	-2.000000e+000	-1.739437e-002
3.027208457142240e-001	1.903403e+000	-3.491178e+000	-2.000000e+000	-2.061122e-002
3.031573199999280e-001	1.870962e+000	-3.395928e+000	-2.000000e+000	-2.375168e-002
3.039573199999280e-001	1.800227e+000	-3.214994e+000	-2.000000e+000	-2.926164e-002
3.051573199999280e-001	1.667603e+000	-2.928718e+000	-2.000000e+000	-3.694423e-002
3.063573199999281e-001	1.505707e+000	-2.627863e+000	-2.000000e+000	-4.389222e-002
3.075573199999281e-001	1.317544e+000	-2.316070e+000	-2.000000e+000	-5.007371e-002
3.087573199999281e-001	1.106229e+000	-1.996912e+000	-2.000000e+000	-5.546584e-002
3.099573199999282e-001	8.749487e-001	-1.673857e+000	-2.000000e+000	-6.005457e-002
3.111573199999282e-001	6.269312e-001	-1.350244e+000	-2.000000e+000	-6.383434e-002
3.123573199999282e-001	3.654091e-001	-1.029253e+000	-2.000000e+000	-6.680778e-002
3.135573199999283e-001	9.358931e-002	-7.138849e-001	-2.000000e+000	-6.898522e-002
3.147573199999283e-001	-1.853770e-001	-4.069375e-001	-2.000000e+000	-7.038427e-002
3.155573199999283e-001	-3.738062e-001	-2.082681e-001	-2.000000e+000	-7.089628e-002
3.159573199999283e-001	-4.684232e-001	-1.109918e-001	-2.000000e+000	-7.102925e-002
3.163573199999283e-001	-5.631640e-001	-1.520072e-002	-2.000000e+000	-7.108176e-002
3.167573199999283e-001	-6.579218e-001	7.902416e-002	-2.000000e+000	-7.105511e-002
3.171573199999284e-001	-7.525923e-001	1.716049e-001	-2.000000e+000	-7.095063e-002
3.175573199999284e-001	-8.470726e-001	2.624667e-001	-2.000000e+000	-7.076970e-002
3.179573199999284e-001	-9.412616e-001	3.515378e-001	-2.000000e+000	-7.051381e-002
3.187573199999284e-001	-1.128372e+000	5.240372e-001	-2.000000e+000	-6.978325e-002
3.195573199999284e-001	-1.313158e+000	6.885930e-001	-2.000000e+000	-6.877175e-002
3.203573199999285e-001	-1.494888e+000	8.447468e-001	-2.000000e+000	-6.749296e-002
3.211573199999285e-001	-1.672867e+000	9.920917e-001	-2.000000e+000	-6.596121e-002
3.219573199999285e-001	-1.846443e+000	1.130273e+000	-2.000000e+000	-6.419149e-002
3.223573199999285e-001	-1.931385e+000	1.195830e+000	-2.000000e+000	-6.322223e-002
3.227573199999285e-001	-2.015000e+000	1.258986e+000	-2.000000e+000	-6.219934e-002
3.231573199999285e-001	-2.097216e+000	1.319712e+000	-2.000000e+000	-6.112483e-002
3.235573199999285e-001	-2.177966e+000	1.377981e+000	-2.000000e+000	-6.000074e-002
3.239573199999286e-001	-2.257186e+000	1.433769e+000	-2.000000e+000	-5.882913e-002
3.247573199999286e-001	-2.410789e+000	1.537822e+000	-2.000000e+000	-5.635166e-002
3.255573199999286e-001	-2.557563e+000	1.631747e+000	-2.000000e+000	-5.370920e-002
3.263573199999286e-001	-2.697090e+000	1.715464e+000	-2.000000e+000	-5.091870e-002
3.271573199999286e-001	-2.828999e+000	1.788943e+000	-2.000000e+000	-4.799721e-002
3.283573199999287e-001	-3.011874e+000	1.880007e+000	-2.000000e+000	-4.340667e-002
3.295573199999287e-001	-3.175972e+000	1.948311e+000	-2.000000e+000	-3.861699e-002
3.307573199999287e-001	-3.320609e+000	1.994300e+000	-2.000000e+000	-3.368455e-002
3.319573199999288e-001	-3.445325e+000	2.018613e+000	-2.000000e+000	-2.866439e-002
3.331573199999288e-001	-3.549875e+000	2.022069e+000	-2.000000e+000	-2.360969e-002
3.343573199999289e-001	-3.634225e+000	2.005654e+000	-2.000000e+000	-1.857141e-002
3.355573199999289e-001	-3.698538e+000	1.970495e+000	-2.000000e+000	-1.359782e-002
3.367573199999289e-001	-3.743163e+000	1.917848e+000	-2.000000e+000	-8.734252e-003
3.375573199999289e-001	-3.762228e+000	1.873706e+000	-2.000000e+000	-5.573888e-003
3.379573199999290e-001	-3.768626e+000	1.849081e+000	-2.000000e+000	-4.022723e-003
3.383573199999290e-001	-3.772970e+000	1.822825e+000	-2.000000e+000	-2.492759e-003
3.387573199999290e-001	-3.775288e+000	1.794995e+000	-2.000000e+000	-9.853330e-004
3.391573199999290e-001	-3.775613e+000	1.765648e+000	-2.000000e+000	4.982685e-004
3.395573199999290e-001	-3.773976e+000	1.734840e+000	-2.000000e+000	1.956804e-003
3.399573199999290e-001	-3.770413e+000	1.702631e+000	-2.000000e+000	3.389082e-003
3.403573199999290e-001	-3.764957e+000	1.669078e+000	-2.000000e+000	4.793957e-003
3.411573199999290e-001	-3.748523e+000	1.598179e+000	-2.000000e+000	7.517171e-003
3.419573199999291e-001	-3.724988e+000	1.522622e+000	-2.000000e+000	1.011828e-002
3.427573199999291e-001	-3.694688e+000	1.442889e+000	-2.000000e+000	1.258993e-002
3.435573199999291e-001	-3.657977e+000	1.359466e+000	-2.000000e+000	1.492557e-002
3.447573199999292e-001	-3.591706e+000	1.228473e+000	-2.000000e+000	1.816163e-002
3.459573199999292e-001	-3.513156e+000	1.091897e+000	-2.000000e+000	2.106293e-002
3.471573199999292e-001	-3.423691e+000	9.513404e-001	-2.000000e+000	2.361751e-002
3.483573199999293e-001	-3.324715e+000	8.083671e-001	-2.000000e+000	2.581739e-002
3.495573199999293e-001	-3.217657e+000	6.644882e-001	-2.000000e+000	2.765843e-002
3.507573199999293e-001	-3.103953e+000	5.211499e-001	-2.000000e+000	2.914017e-002
3.519573199999294e-001	-2.985037e+000	3.797225e-001	-2.000000e+000	3.026571e-002
3.531573199999294e-001	-2.862320e+000	2.414911e-001	-2.000000e+000	3.104145e-002
3.539573199999294e-001	-2.779081e+000	1.517047e-001	-2.000000e+000	3.136884e-002
3.543573199999294e-001	-2.737184e+000	1.076468e-001	-2.000000e+000	3.147688e-002
3.547573199999294e-001	-2.695167e+000	6.419837e-002	-2.000000e+000	3.154845e-002
3.551573199999294e-001	-2.653079e+000	2.139724e-002	-2.000000e+000	3.158409e-002
3.555573199999295e-001	-2.610967e+000	-2.072016e-002	-2.000000e+000	3.158434e-002
3.559573199999295e-001	-2.568877e+000	-6.211875e-002	-2.000000e+000	3.154980e-002
3.563573199999295e-001	-2.526857e+000	-1.027648e-001	-2.000000e+000	3.148107e-002
3.567573199999295e-001	-2.484950e+000	-1.426259e-001	-2.000000e+000	3.137880e-002
3.575573199999295e-001	-2.401655e+000	-2.198712e-001	-2.000000e+000	3.107632e-002
3.583573199999295e-001	-2.319336e+000	-2.936239e-001	-2.000000e+000	3.064798e-002
3.591573199999296e-001	-2.238319e+000	-3.636765e-001	-2.000000e+000	3.009978e-002
3.599573199999296e-001	-2.158917e+000	-4.298440e-001	-2.000000e+000	2.943805e-002
3.607573199999296e-001	-2.081423e+000	-4.919648e-001	-2.000000e+000	2.866940e-002
3.611573199999296e-001	-2.043479e+000	-5.214635e-001	-2.000000e+000	2.824711e-002
3.615573199999296e-001	-2.006114e+000	-5.499002e-001	-2.000000e+000	2.780069e-002
3.619573199999296e-001	-1.969359e+000	-5.772612e-001	-2.000000e+000	2.733102e-002
3.623573199999297e-001	-1.933246e+000	-6.035341e-001	-2.000000e+000	2.683900e-002
3.627573199999297e-001	-1.897803e+000	-6.287080e-001	-2.000000e+000	2.632554e-002
3.631573199999297e-001	-1.863058e+000	-6.527733e-001	-2.000000e+000	2.579157e-002
3.639573199999297e-001	-1.795769e+000	-6.975467e-001	-2.000000e+000	2.466579e-002
3.647573199999297e-001	-1.731578e+000	-7.378050e-001	-2.000000e+000	2.346915e-002
3.655573199999297e-001	-1.670664e+000	-7.735204e-001	-2.000000e+000	2.220920e-002
3.667573199999298e-001	-1.585778e+000	-8.185654e-001	-2.000000e+000	2.021715e-002
3.679573199999298e-001	-1.509067e+000	-8.534374e-001	-2.000000e+000	1.812522e-002
3.691573199999298e-001	-1.440881e+000	-8.782929e-001	-2.000000e+000	1.595868e-002
3.703573199999299e-001	-1.381468e+000	-8.933778e-001	-2.000000e+000	1.374228e-002
3.715573199999299e-001	-1.330979e+000	-8.990217e-001	-2.000000e+000	1.150003e-002
3.727573199999300e-001	-1.289471e+000	-8.956299e-001	-2.000000e+000	9.255059e-003
3.739573199999300e-001	-1.256911e+000	-8.836761e-001	-2.000000e+000	7.029369e-003
3.751573199999300e-001	-1.233180e+000	-8.636943e-001	-2.000000e+000	4.843707e-003
3.763573199999301e-001	-1.218078e+000	-8.362705e-001	-2.000000e+000	2.717420e-003
3.771573199999301e-001	-1.212672e+000	-8.141631e-001	-2.000000e+000	1.341750e-003
3.775573199999301e-001	-1.211332e+000	-8.020349e-001	-2.000000e+000	6.683334e-004
3.779573199999301e-001	-1.210883e+000	-7.892234e-001	-2.000000e+000	5.308880e-006
3.783573199999301e-001	-1.211310e+000	-7.757543e-001	-2.000000e+000	-6.467649e-004
3.787573199999301e-001	-1.212600e+000	-7.616532e-001	-2.000000e+000	-1.287351e-003
3.791573199999301e-001	-1.214735e+000	-7.469460e-001	-2.000000e+000	-1.915932e-003
3.795573199999301e-001	-1.217701e+000	-7.316591e-001	-2.000000e+000	-2.532016e-003
3.803573199999302e-001	-1.226052e+000	-6.994516e-001	-2.000000e+000	-3.724822e-003
3.811573199999302e-001	-1.237511e+000	-6.652439e-001	-2.000000e+000	-4.862259e-003
3.819573199999302e-001	-1.251925e+000	-6.292511e-001	-2.000000e+000	-5.941170e-003
3.831573199999303e-001	-1.278738e+000	-5.723867e-001	-2.000000e+000	-7.443788e-003
3.843573199999303e-001	-1.311271e+000	-5.127175e-001	-2.000000e+000	-8.800600e-003
3.855573199999303e-001	-1.348928e+000	-4.509616e-001	-2.000000e+000	-1.000550e-002
3.867573199999304e-001	-1.391095e+000	-3.878226e-001	-2.000000e+000	-1.105414e-002
3.879573199999304e-001	-1.437138e+000	-3.239833e-001	-2.000000e+000	-1.194394e-002
3.891573199999304e-001	-1.486421e+000	-2.600997e-001	-2.000000e+000	-1.267396e-002
3.903573199999305e-001	-1.538306e+000	-1.967966e-001	-2.000000e+000	-1.324489e-002
3.915573199999305e-001	-1.592159e+000	-1.346626e-001	-2.000000e+000	-1.365891e-002
3.927573199999305e-001	-1.647361e+000	-7.424602e-002	-2.000000e+000	-1.391964e-002
3.935573199999305e-001	-1.684612e+000	-3.517374e-002	-2.000000e+000	-1.401069e-002
3.939573199999306e-001	-1.703308e+000	-1.605195e-002	-2.000000e+000	-1.403202e-002
3.943573199999306e-001	-1.722021e+000	2.771534e-003	-2.000000e+000	-1.403754e-002
3.947573199999306e-001	-1.740731e+000	2.128090e-002	-2.000000e+000	-1.402751e-002
3.951573199999306e-001	-1.759417e+000	3.946095e-002	-2.000000e+000	-1.400219e-002
3.955573199999306e-001	-1.778060e+000	5.729710e-002	-2.000000e+000	-1.396186e-002
3.963573199999306e-001	-1.815135e+000	9.188247e-002	-2.000000e+000	-1.383737e-002
3.971573199999307e-001	-1.851803e+000	1.249328e-001	-2.000000e+000	-1.365650e-002
3.979573199999307e-001	-1.887916e+000	1.563540e-001	-2.000000e+000	-1.342190e-002
3.987573199999307e-001	-1.923335e+000	1.860622e-001	-2.000000e+000	-1.313635e-002
3.995573199999307e-001	-1.957929e+000	2.139838e-001	-2.000000e+000	-1.280276e-002
3.999573199999307e-001	-1.974876e+000	2.272544e-001	-2.000000e+000	-1.261890e-002
4.003573199999307e-001	-1.991572e+000	2.400553e-001	-2.000000e+000	-1.242418e-002
4.007573199999308e-001	-2.008000e+000	2.523803e-001	-2.000000e+000	-1.221899e-002
4.011573199999308e-001	-2.024149e+000	2.642235e-001	-2.000000e+000	-1.200373e-002
4.015573199999308e-001	-2.040004e+000	2.755800e-001	-2.000000e+000	-1.177880e-002
4.019573199999308e-001	-2.055553e+000	2.864452e-001	-2.000000e+000	-1.154461e-002
4.027573199999308e-001	-2.085685e+000	3.066870e-001	-2.000000e+000	-1.105011e-002
4.035573199999308e-001	-2.114455e+000	3.249255e-001	-2.000000e+000	-1.052354e-002
4.043573199999309e-001	-2.141782e+000	3.411467e-001	-2.000000e+000	-9.968251e-003
4.055573199999309e-001	-2.179911e+000	3.616879e-001	-2.000000e+000	-9.088842e-003
4.067573199999309e-001	-2.214428e+000	3.777031e-001	-2.000000e+000	-8.163748e-003
4.079573199999310e-001	-2.245173e+000	3.892568e-001	-2.000000e+000	-7.204212e-003
4.091573199999310e-001	-2.272029e+000	3.964541e-001	-2.000000e+000	-6.221261e-003
4.103573199999310e-001	-2.294925e+000	3.994372e-001	-2.000000e+000	-5.225618e-003
4.115573199999311e-001	-2.313830e+000	3.983825e-001	-2.000000e+000	-4.227602e-003
4.127573199999311e-001	-2.328756e+000	3.934973e-001	-2.000000e+000	-3.237054e-003
4.139573199999311e-001	-2.339751e+000	3.850158e-001	-2.000000e+000	-2.263263e-003
4.151573199999312e-001	-2.346898e+000	3.731961e-001	-2.000000e+000	-1.314901e-003
4.159573199999312e-001	-2.349583e+000	3.635983e-001	-2.000000e+000	-7.007666e-004
4.163573199999312e-001	-2.350317e+000	3.583162e-001	-2.000000e+000	-3.999684e-004
4.167573199999312e-001	-2.350653e+000	3.527266e-001	-2.000000e+000	-1.037004e-004
4.171573199999312e-001	-2.350597e+000	3.468408e-001	-2.000000e+000	1.877860e-004
4.175573199999312e-001	-2.350155e+000	3.406702e-001	-2.000000e+000	4.742486e-004
4.179573199999312e-001	-2.349335e+000	3.342263e-001	-2.000000e+000	7.554549e-004
4.183573199999313e-001	-2.348144e+000	3.275206e-001	-2.000000e+000	1.031182e-003
4.191573199999313e-001	-2.344678e+000	3.133712e-001	-2.000000e+000	1.565356e-003
4.199573199999313e-001	-2.339820e+000	2.983164e-001	-2.000000e+000	2.075182e-003
4.207573199999313e-001	-2.333636e+000	2.824518e-001	-2.000000e+000	2.559231e-003
4.219573199999314e-001	-2.322031e+000	2.573461e-001	-2.000000e+000	3.234238e-003
4.231573199999314e-001	-2.307853e+000	2.309569e-001	-2.000000e+000	3.844816e-003
4.243573199999314e-001	-2.291367e+000	2.036039e-001	-2.000000e+000	4.388156e-003
4.255573199999315e-001	-2.272846e+000	1.756006e-001	-2.000000e+000	4.862242e-003
4.267573199999315e-001	-2.252568e+000	1.472517e-001	-2.000000e+000	5.265831e-003
4.279573199999315e-001	-2.230819e+000	1.188502e-001	-2.000000e+000	5.598429e-003
4.291573199999316e-001	-2.207881e+000	9.067546e-002	-2.000000e+000	5.860254e-003
4.303573199999316e-001	-2.184035e+000	6.299095e-002	-2.000000e+000	6.052208e-003
4.315573199999316e-001	-2.159559e+000	3.604254e-002	-2.000000e+000	6.175827e-003
4.323573199999317e-001	-2.143025e+000	1.859866e-002	-2.000000e+000	6.221303e-003
4.327573199999317e-001	-2.134722e+000	1.005694e-002	-2.000000e+000	6.233238e-003
4.331573199999317e-001	-2.126407e+000	1.645299e-003	-2.000000e+000	6.238109e-003
4.335573199999317e-001	-2.118091e+000	-6.629155e-003	-2.000000e+000	6.236027e-003
4.339573199999317e-001	-2.109783e+000	-1.475957e-002	-2.000000e+000	6.227110e-003
4.343573199999317e-001	-2.101490e+000	-2.273937e-002	-2.000000e+000	6.211480e-003
4.351573199999317e-001	-2.084990e+000	-3.822219e-002	-2.000000e+000	6.160600e-003
4.359573199999318e-001	-2.068659e+000	-5.303053e-002	-2.000000e+000	6.084473e-003
4.367573199999318e-001	-2.052563e+000	-6.712181e-002	-2.000000e+000	5.984260e-003
4.379573199999318e-001	-2.028997e+000	-8.683223e-002	-2.000000e+000	5.791477e-003
4.387573199999318e-001	-2.013757e+000	-9.897429e-002	-2.000000e+000	5.636544e-003
4.391573199999319e-001	-2.006298e+000	-1.047354e-001	-2.000000e+000	5.551660e-003
4.395573199999319e-001	-1.998955e+000	-1.102860e-001	-2.000000e+000	5.462063e-003
4.399573199999319e-001	-1.991735e+000	-1.156233e-001	-2.000000e+000	5.367930e-003
4.403573199999319e-001	-1.984644e+000	-1.207450e-001	-2.000000e+000	5.269438e-003
4.407573199999319e-001	-1.977686e+000	-1.256492e-001	-2.000000e+000	5.166770e-003
4.415573199999319e-001	-1.964195e+000	-1.347974e-001	-2.000000e+000	4.949630e-003
4.423573199999319e-001	-1.951303e+000	-1.430570e-001	-2.000000e+000	4.717984e-003
4.431573199999320e-001	-1.939046e+000	-1.504208e-001	-2.000000e+000	4.473318e-003
4.443573199999320e-001	-1.921922e+000	-1.597819e-001	-2.000000e+000	4.085180e-003
4.455573199999320e-001	-1.906394e+000	-1.671296e-001	-2.000000e+000	3.676160e-003
4.467573199999321e-001	-1.892535e+000	-1.724905e-001	-2.000000e+000	3.251262e-003
4.479573199999321e-001	-1.880399e+000	-1.759091e-001	-2.000000e+000	2.815400e-003
4.491573199999321e-001	-1.870020e+000	-1.774469e-001	-2.000000e+000	2.373357e-003
4.503573199999322e-001	-1.861414e+000	-1.771806e-001	-2.000000e+000	1.929741e-003
4.515573199999322e-001	-1.854578e+000	-1.752007e-001	-2.000000e+000	1.488952e-003
4.527573199999322e-001	-1.849493e+000	-1.716101e-001	-2.000000e+000	1.055147e-003
4.539573199999323e-001	-1.846122e+000	-1.665224e-001	-2.000000e+000	6.322128e-004
4.547573199999323e-001	-1.844803e+000	-1.623590e-001	-2.000000e+000	3.580824e-004
4.551573199999323e-001	-1.844415e+000	-1.600601e-001	-2.000000e+000	2.237409e-004
4.555573199999323e-001	-1.844205e+000	-1.576228e-001	-2.000000e+000	9.137288e-005
4.559573199999323e-001	-1.844170e+000	-1.550522e-001	-2.000000e+000	-3.890838e-005
4.563573199999323e-001	-1.844307e+000	-1.523532e-001	-2.000000e+000	-1.669939e-004
4.567573199999324e-001	-1.844613e+000	-1.495310e-001	-2.000000e+000	-2.927787e-004
4.571573199999324e-001	-1.845086e+000	-1.465907e-001	-2.000000e+000	-4.161625e-004
4.579573199999324e-001	-1.846516e+000	-1.403766e-001	-2.000000e+000	-6.553459e-004
4.587573199999324e-001	-1.848571e+000	-1.337529e-001	-2.000000e+000	-8.838263e-004
4.595573199999324e-001	-1.851219e+000	-1.267620e-001	-2.000000e+000	-1.100956e-003
4.603573199999325e-001	-1.854430e+000	-1.194464e-001	-2.000000e+000	-1.306160e-003
4.615573199999325e-001	-1.860232e+000	-1.079574e-001	-2.000000e+000	-1.590515e-003
4.627573199999325e-001	-1.867113e+000	-9.597670e-002	-2.000000e+000	-1.845506e-003
4.639573199999326e-001	-1.874953e+000	-8.364490e-002	-2.000000e+000	-2.070081e-003
4.651573199999326e-001	-1.883630e+000	-7.109934e-002	-2.000000e+000	-2.263533e-003
4.663573199999326e-001	-1.893017e+000	-5.847269e-002	-2.000000e+000	-2.425495e-003
4.675573199999327e-001	-1.902990e+000	-4.589194e-002	-2.000000e+000	-2.555924e-003
4.687573199999327e-001	-1.913421e+000	-3.347744e-002	-2.000000e+000	-2.655088e-003
4.699573199999327e-001	-1.924187e+000	-2.134207e-002	-2.000000e+000	-2.723544e-003
4.707573199999328e-001	-1.931491e+000	-1.345892e-002	-2.000000e+000	-2.752521e-003
4.715573199999328e-001	-1.938854e+000	-5.775355e-003	-2.000000e+000	-2.768523e-003
4.719573199999328e-001	-1.942548e+000	-2.016939e-003	-2.000000e+000	-2.771767e-003
4.723573199999328e-001	-1.946243e+000	1.681591e-003	-2.000000e+000	-2.771905e-003
4.727573199999328e-001	-1.949937e+000	5.317150e-003	-2.000000e+000	-2.768986e-003
4.731573199999328e-001	-1.953625e+000	8.886772e-003	-2.000000e+000	-2.763066e-003
4.739573199999329e-001	-1.960968e+000	1.581696e-002	-2.000000e+000	-2.742445e-003
4.747573199999329e-001	-1.968241e+000	2.245090e-002	-2.000000e+000	-2.710519e-003
4.755573199999329e-001	-1.975413e+000	2.876930e-002	-2.000000e+000	-2.667797e-003
4.767573199999329e-001	-1.985925e+000	3.761809e-002	-2.000000e+000	-2.584663e-003
4.775573199999330e-001	-1.992729e+000	4.307657e-002	-2.000000e+000	-2.517375e-003
4.779573199999330e-001	-1.996061e+000	4.566883e-002	-2.000000e+000	-2.480396e-003
4.783573199999330e-001	-1.999342e+000	4.816794e-002	-2.000000e+000	-2.441295e-003
4.787573199999330e-001	-2.002570e+000	5.057270e-002	-2.000000e+000	-2.400151e-003
4.791573199999330e-001	-2.005741e+000	5.288200e-002	-2.000000e+000	-2.357043e-003
4.799573199999330e-001	-2.011905e+000	5.721050e-002	-2.000000e+000	-2.265255e-003
4.807573199999330e-001	-2.017816e+000	6.114718e-002	-2.000000e+000	-2.166579e-003
4.815573199999331e-001	-2.023454e+000	6.468768e-002	-2.000000e+000	-2.061671e-003
4.827573199999331e-001	-2.031369e+000	6.925067e-002	-2.000000e+000	-1.894077e-003
4.839573199999331e-001	-2.038592e+000	7.291636e-002	-2.000000e+000	-1.716198e-003
4.851573199999332e-001	-2.045087e+000	7.569277e-002	-2.000000e+000	-1.530269e-003
4.863573199999332e-001	-2.050826e+000	7.759622e-002	-2.000000e+000	-1.338494e-003
4.875573199999332e-001	-2.055790e+000	7.865072e-002	-2.000000e+000	-1.143028e-003
4.887573199999333e-001	-2.059968e+000	7.888739e-002	-2.000000e+000	-9.459548e-004
4.899573199999333e-001	-2.063358e+000	7.834381e-002	-2.000000e+000	-7.492729e-004
4.905287485713619e-001	-2.064692e+000	7.780891e-002	-2.000000e+000	-6.558587e-004
4.911001771427905e-001	-2.065854e+000	7.712593e-002	-2.000000e+000	-5.636160e-004
4.916716057142191e-001	-2.066844e+000	7.629486e-002	-2.000000e+000	-4.725447e-004
4.922430342856476e-001	-2.067663e+000	7.531570e-002	-2.000000e+000	-3.826450e-004
4.928144628570763e-001	-2.068310e+000	7.418846e-002	-2.000000e+000	-2.939167e-004
4.933858914285048e-001	-2.068786e+000	7.291313e-002	-2.000000e+000	-2.063600e-004
4.939573199999334e-001	-2.069090e+000	7.148971e-002	-2.000000e+000	-1.199747e-004
4.943573199999334e-001	-2.069211e+000	7.042760e-002	-2.000000e+000	-6.084242e-005
4.947573199999334e-001	-2.069253e+000	6.930546e-002	-2.000000e+000	-2.620280e-006
4.951573199999335e-001	-2.069218e+000	6.812553e-002	-2.000000e+000	5.464261e-005
4.955573199999335e-001	-2.069108e+000	6.689004e-002	-2.000000e+000	1.108990e-004
4.959573199999335e-001	-2.068923e+000	6.560127e-002	-2.000000e+000	1.661036e-004
4.963573199999335e-001	-2.068666e+000	6.426154e-002	-2.000000e+000	2.202130e-004
4.971573199999335e-001	-2.067938e+000	6.143846e-002	-2.000000e+000	3.249818e-004
4.979573199999335e-001	-2.066937e+000	5.843949e-002	-2.000000e+000	4.248968e-004
4.987573199999336e-001	-2.065677e+000	5.528350e-002	-2.000000e+000	5.196806e-004
4.999573199999336e-001	-2.063331e+000	5.029653e-002	-2.000000e+000	6.517058e-004
5.011573199999335e-001	-2.060481e+000	4.506262e-002	-2.000000e+000	7.709428e-004
5.023573199999334e-001	-2.057182e+000	3.964480e-002	-2.000000e+000	8.768532e-004
5.035573199999333e-001	-2.053486e+000	3.410484e-002	-2.000000e+000	9.690550e-004
5.047573199999331e-001	-2.049449e+000	2.850269e-002	-2.000000e+000	1.047318e-003
5.059573199999330e-001	-2.045127e+000	2.289595e-002	-2.000000e+000	1.111559e-003
5.071573199999329e-001	-2.040576e+000	1.733950e-002	-2.000000e+000	1.161837e-003
5.083573199999327e-001	-2.035852e+000	1.188502e-002	-2.000000e+000	1.198341e-003
5.095573199999326e-001	-2.031008e+000	6.580693e-003	-2.000000e+000	1.221388e-003
5.103573199999325e-001	-2.027740e+000	3.149966e-003	-2.000000e+000	1.229485e-003
5.111573199999324e-001	-2.024457e+000	-1.820723e-004	-2.000000e+000	1.231945e-003
5.119573199999323e-001	-2.021175e+000	-3.404100e-003	-2.000000e+000	1.228943e-003
5.127573199999322e-001	-2.017908e+000	-6.505647e-003	-2.000000e+000	1.220670e-003
5.135573199999322e-001	-2.014670e+000	-9.477111e-003	-2.000000e+000	1.207334e-003
5.147573199999320e-001	-2.009895e+000	-1.367157e-002	-2.000000e+000	1.178335e-003
5.159573199999319e-001	-2.005257e+000	-1.752829e-002	-2.000000e+000	1.139268e-003
5.167573199999318e-001	-2.002260e+000	-1.990118e-002	-2.000000e+000	1.108058e-003
5.175573199999317e-001	-1.999351e+000	-2.210935e-002	-2.000000e+000	1.073030e-003
5.183573199999316e-001	-1.996541e+000	-2.414855e-002	-2.000000e+000	1.034462e-003
5.191573199999315e-001	-1.993837e+000	-2.601541e-002	-2.000000e+000	9.926390e-004
5.199573199999314e-001	-1.991250e+000	-2.770742e-002	-2.000000e+000	9.478501e-004
5.211573199999313e-001	-1.987601e+000	-2.991419e-002	-2.000000e+000	8.757469e-004
5.223573199999312e-001	-1.984251e+000	-3.172185e-002	-2.000000e+000	7.986259e-004
5.235573199999311e-001	-1.981217e+000	-3.313226e-002	-2.000000e+000	7.174832e-004
5.247573199999309e-001	-1.978515e+000	-3.415104e-002	-2.000000e+000	6.333056e-004
5.259573199999308e-001	-1.976154e+000	-3.478736e-002	-2.000000e+000	5.470613e-004
5.271573199999307e-001	-1.974140e+000	-3.505367e-002	-2.000000e+000	4.596916e-004
5.283573199999305e-001	-1.972477e+000	-3.496541e-002	-2.000000e+000	3.721027e-004
5.289858914285018e-001	-1.971748e+000	-3.477549e-002	-2.000000e+000	3.261557e-004
5.296144628570733e-001	-1.971111e+000	-3.450416e-002	-2.000000e+000	2.807810e-004
5.302430342856446e-001	-1.970568e+000	-3.415141e-002	-2.000000e+000	2.359786e-004
5.308716057142160e-001	-1.970118e+000	-3.371724e-002	-2.000000e+000	1.917485e-004
5.315001771427873e-001	-1.969760e+000	-3.320166e-002	-2.000000e+000	1.480907e-004
5.321287485713587e-001	-1.969495e+000	-3.260466e-002	-2.000000e+000	1.050052e-004
5.327573199999300e-001	-1.969324e+000	-3.192625e-002	-2.000000e+000	6.249194e-005
5.331573199999300e-001	-1.969258e+000	-3.146371e-002	-2.000000e+000	3.607942e-005
5.335573199999300e-001	-1.969227e+000	-3.097416e-002	-2.000000e+000	1.006362e-005
5.339573199999299e-001	-1.969231e+000	-3.045857e-002	-2.000000e+000	-1.553335e-005
5.343573199999299e-001	-1.969268e+000	-2.991795e-002	-2.000000e+000	-4.069021e-005
5.347573199999298e-001	-1.969339e+000	-2.935331e-002	-2.000000e+000	-6.538653e-005
5.351573199999298e-001	-1.969442e+000	-2.876566e-002	-2.000000e+000	-8.960270e-005
5.359573199999297e-001	-1.969744e+000	-2.752546e-002	-2.000000e+000	-1.365205e-004
5.367573199999296e-001	-1.970168e+000	-2.620566e-002	-2.000000e+000	-1.813040e-004
5.375573199999295e-001	-1.970709e+000	-2.481462e-002	-2.000000e+000	-2.238276e-004
5.387573199999294e-001	-1.971724e+000	-2.261292e-002	-2.000000e+000	-2.831349e-004
5.399573199999292e-001	-1.972966e+000	-2.029822e-002	-2.000000e+000	-3.367914e-004
5.411573199999291e-001	-1.974410e+000	-1.789860e-002	-2.000000e+000	-3.845497e-004
5.423573199999290e-001	-1.976034e+000	-1.544157e-002	-2.000000e+000	-4.262320e-004
5.435573199999289e-001	-1.977812e+000	-1.295388e-002	-2.000000e+000	-4.617285e-004
5.447573199999287e-001	-1.979719e+000	-1.046126e-002	-2.000000e+000	-4.909948e-004
5.459573199999286e-001	-1.981731e+000	-7.988241e-003	-2.000000e+000	-5.140495e-004
5.471573199999285e-001	-1.983823e+000	-5.557969e-003	-2.000000e+000	-5.309710e-004
5.480144628570712e-001	-1.985372e+000	-3.844922e-003	-2.000000e+000	-5.391363e-004
5.488716057142140e-001	-1.986921e+000	-2.187878e-003	-2.000000e+000	-5.445336e-004
5.497287485713568e-001	-1.988470e+000	-5.868366e-004	-2.000000e+000	-5.471627e-004
5.505858914284995e-001	-1.990018e+000	9.582014e-004	-2.000000e+000	-5.470239e-004
5.514430342856422e-001	-1.991565e+000	2.447236e-003	-2.000000e+000	-5.441170e-004
5.523001771427850e-001	-1.993111e+000	3.880268e-003	-2.000000e+000	-5.384420e-004
5.531573199999278e-001	-1.994657e+000	5.257297e-003	-2.000000e+000	-5.299990e-004
5.543573199999277e-001	-1.996748e+000	7.039801e-003	-2.000000e+000	-5.145984e-004
5.555573199999275e-001	-1.998768e+000	8.666789e-003	-2.000000e+000	-4.949343e-004
5.563573199999274e-001	-2.000068e+000	9.660883e-003	-2.000000e+000	-4.796528e-004
5.575573199999273e-001	-2.001936e+000	1.101129e-002	-2.000000e+000	-4.537797e-004
5.587573199999272e-001	-2.003694e+000	1.218855e-002	-2.000000e+000	-4.247464e-004
5.599573199999270e-001	-2.005330e+000	1.318963e-002	-2.000000e+000	-3.929899e-004
5.611573199999269e-001	-2.006834e+000	1.401337e-002	-2.000000e+000	-3.589524e-004
5.623573199999268e-001	-2.008199e+000	1.466040e-002	-2.000000e+000	-3.230767e-004
5.635573199999266e-001	-2.009417e+000	1.513302e-002	-2.000000e+000	-2.858022e-004
5.643573199999266e-001	-2.010146e+000	1.534762e-002	-2.000000e+000	-2.600966e-004
5.651573199999265e-001	-2.010806e+000	1.549316e-002	-2.000000e+000	-2.343819e-004
5.659573199999264e-001	-2.011396e+000	1.556964e-002	-2.000000e+000	-2.086582e-004
5.667573199999263e-001	-2.011919e+000	1.557705e-002	-2.000000e+000	-1.829254e-004
5.675573199999262e-001	-2.012372e+000	1.551539e-002	-2.000000e+000	-1.571835e-004
5.683573199999261e-001	-2.012756e+000	1.538468e-002	-2.000000e+000	-1.314326e-004
5.691573199999260e-001	-2.013071e+000	1.518489e-002	-2.000000e+000	-1.056727e-004
5.703573199999259e-001	-2.013419e+000	1.478264e-002	-2.000000e+000	-6.818899e-005
5.711573199999258e-001	-2.013568e+000	1.444467e-002	-2.000000e+000	-4.382721e-005
5.715573199999258e-001	-2.013619e+000	1.425596e-002	-2.000000e+000	-3.186859e-005
5.719573199999257e-001	-2.013653e+000	1.405467e-002	-2.000000e+000	-2.007247e-005
5.723573199999257e-001	-2.013672e+000	1.384122e-002	-2.000000e+000	-8.449170e-006
5.727573199999256e-001	-2.013676e+000	1.361604e-002	-2.000000e+000	2.991356e-006
5.731573199999256e-001	-2.013664e+000	1.337959e-002	-2.000000e+000	1.423953e-005
5.735573199999255e-001	-2.013638e+000	1.313231e-002	-2.000000e+000	2.528614e-005
5.739573199999255e-001	-2.013597e+000	1.287465e-002	-2.000000e+000	3.612234e-005
5.747573199999254e-001	-2.013473e+000	1.233000e-002	-2.000000e+000	5.713009e-005
5.755573199999253e-001	-2.013293e+000	1.174934e-002	-2.000000e+000	7.719966e-005
5.763573199999252e-001	-2.013062e+000	1.113639e-002	-2.000000e+000	9.627413e-005
5.771573199999251e-001	-2.012781e+000	1.049487e-002	-2.000000e+000	1.143028e-004
5.783573199999250e-001	-2.012273e+000	9.487206e-003	-2.000000e+000	1.392892e-004
5.795573199999249e-001	-2.011670e+000	8.436234e-003	-2.000000e+000	1.617000e-004
5.807573199999248e-001	-2.010983e+000	7.354300e-003	-2.000000e+000	1.814424e-004
5.819573199999246e-001	-2.010223e+000	6.253460e-003	-2.000000e+000	1.984540e-004
5.831573199999245e-001	-2.009399e+000	5.145360e-003	-2.000000e+000	2.127023e-004
5.843573199999244e-001	-2.008525e+000	4.041154e-003	-2.000000e+000	2.241832e-004
5.855573199999242e-001	-2.007610e+000	2.951410e-003	-2.000000e+000	2.329197e-004
5.865858914284955e-001	-2.006786e+000	2.024604e-003	-2.000000e+000	2.380778e-004
5.876144628570669e-001	-2.005963e+000	1.133742e-003	-2.000000e+000	2.414727e-004
5.886430342856381e-001	-2.005141e+000	2.788265e-004	-2.000000e+000	2.431043e-004
5.896716057142095e-001	-2.004319e+000	-5.401438e-004	-2.000000e+000	2.429726e-004
5.907001771427808e-001	-2.003498e+000	-1.323169e-003	-2.000000e+000	2.410777e-004
5.917287485713522e-001	-2.002678e+000	-2.070248e-003	-2.000000e+000	2.374195e-004
5.927573199999234e-001	-2.001859e+000	-2.781382e-003	-2.000000e+000	2.319980e-004
5.937655085713408e-001	-2.001081e+000	-3.423024e-003	-2.000000e+000	2.251946e-004
5.947736971427583e-001	-2.000336e+000	-4.011234e-003	-2.000000e+000	2.173809e-004
5.957818857141757e-001	-1.999625e+000	-4.546013e-003	-2.000000e+000	2.085571e-004
5.967900742855931e-001	-1.998947e+000	-5.027359e-003	-2.000000e+000	1.987230e-004
5.977982628570104e-001	-1.998302e+000	-5.455273e-003	-2.000000e+000	1.878788e-004
5.988064514284279e-001	-1.997691e+000	-5.829755e-003	-2.000000e+000	1.760243e-004
5.998146399998453e-001	-1.997112e+000	-6.150804e-003	-2.000000e+000	1.631597e-004
5.999146399998453e-001	-1.997058e+000	-6.179329e-003	-2.000000e+000	1.618757e-004
6.000000000000000e-001	-1.997012e+000	-6.203327e-003	-2.000000e+000	1.607759e-004
